56.1496278 10.2134046
56.0600403 10.2089405
56.0494063 10.2017147
56.1877607 10.0122294
56.2401986 10.197571
56.1466687 9.996093
55.9241399 9.6030677
56.2478414 10.2682671
56.09394155 10.10878872389124
56.22085905 10.167355127970511
56.2769294 10.3187287
56.2363205 10.238378
56.0387694 10.1944889
56.0671183 10.1624575
56.3006105 10.2143428
56.1984041 10.0618124
56.124591 10.0617005
56.2121365 10.0341514
56.0397896 10.0904237
56.2988953 10.1479982
56.1333341 10.1166743
56.25808045 10.338558004219067
56.2631878 10.2150651
56.0905987 10.1330099
56.254145 10.1453751
56.3155195 9.7892233
56.21769975 9.843546752763046
56.2513888 10.0262424
56.26746865 10.106963666715268
56.3314452 10.1050615
56.3290887 10.0523863
56.2526132 9.8610556
56.2678199 10.0688688
56.3448019 9.8730183
56.3664826 9.7675235
56.2212792 9.9786477
56.357246 9.9167436
56.317470400000005 9.978297862687844
56.2472778 10.0449568
56.3490113 10.0503981
56.31088065 10.135288952657287
56.2787561 9.8273601
56.3093727 10.0974745
56.2997124 9.9291299
56.2352921 10.0872653
56.4088491 10.5606423
56.3012653 9.7887862
56.388699 9.7924134
56.3697188 9.819814
56.364050500000005 10.012784845879118
56.2915553 9.9982238
56.117533 9.5562812
56.3653259 10.1657461
55.887534349999996 9.56559154110671
55.7129612 9.8869729
56.6589509 10.2832246
55.7356553 9.7095269
55.8085043 9.9997934
55.7705233 9.6994255
55.8533938 9.6649573
55.7568412 9.8563818
55.746271 10.0140902
55.7086794 10.0104758
55.8528481 9.7034705
56.1952345 9.4094628
55.7920415 9.5782864
55.7570853 10.0038981
55.8367448 9.5281464
55.8088543 9.7618139
55.796226 9.6473871
55.772877 9.9297471
55.8720064 9.6109557
55.8209229 10.0485566
55.7914096 9.8079613
55.7030191 9.7900425
55.8499627 9.483801
55.8476686 9.5867407
56.0142095 8.9874414
56.2649053 8.7869814
56.0083302 9.1123158
56.3362275 8.9368409
56.170038000000005 8.965088934976492
56.3876684 8.9933465
56.1211992 8.808260092195539
56.1379757 8.9746623
56.3158702 8.8539077
56.0636962 8.9893056
56.2374648 9.0892145
56.0349566 8.8583992
56.0649686 9.0864658
56.1059266 8.9785841
56.0935508 9.0288951
56.2001125 8.5635585
56.267688 9.0014635
56.21404225 8.852211959473124
55.9789789 8.8976598
56.1700577 8.847759959609963
55.9388658 8.7828398
56.2623779 8.6538053
55.8902388 8.8496958
56.091495 8.9089312
56.2043516 9.0148142
56.1760379 8.7396079
56.1965014 8.767696
56.2576316 8.5639171
56.40422 8.7534213
56.3664624 8.4276831
56.5220964 8.7844575
56.4727629 8.721355
56.4078557 8.9192412
56.3590324 8.6159188
56.4087556 8.7313203
56.3351509 8.4874851
56.3963235 8.5477737
56.365356 8.6954572
56.6824836 9.1072208
56.3133372 8.6008796
56.4339933 8.7759418
56.4565803 8.8705587
56.3912827 8.8041379
56.30809215 8.189272962623296
56.2654484 8.2429176
56.374526 8.1232421
56.3216062 8.7093648
56.2723603 8.3166504
56.3439338 8.3386659
56.4778422 8.7828263
55.9722463 9.610092
56.028384 9.1977675
55.9282404 9.8469901
55.980207 9.5426437
55.963798100000005 9.980201104666012
55.8889231 9.9554586
55.8531914 9.7648287
55.8611696 9.8444774
55.9453819 9.9565056
56.4216559 10.1897506
55.9283036 9.6875811
55.9674349 9.7523301
55.8173759 9.9265657
56.0205189 9.644287271160023
55.8948731 9.9992108
55.9707405 9.6683271
55.91253615 9.922309620698622
55.9662851 9.7155529
56.0136062 9.698651
56.0013478 9.7638009
55.8743117 9.0308368
56.1465072 9.2753054
55.9445468 9.1282868
55.9843819 9.2930027
56.1703216 9.3511945
56.0334078 9.3120706
56.0167485 9.35583818305994
56.1390178 9.1547931
56.0990362 9.2025483
55.9319642 9.4905654
55.9654168 9.3931535
56.1373278 9.3480833
56.0272429 10.1452741
55.9310917 9.0513204
56.4164741 8.3084214
56.5220742 8.2233706
56.4352017 8.2029629
56.5169264 8.4677547
56.6174264 8.1806946
56.5671438 8.2192277
56.5486971 8.3046456
56.500435 8.2651387
56.5485388 8.4178851
56.4911246 8.2135663
56.7011279 8.2145876
56.4652903 10.339985703623306
56.3473407 10.8636439
56.4314503 10.3781855
56.3156204 10.8077359
56.5329304 10.712716
56.50534825 10.58921064978945
56.5149382 10.5900002
56.502986 10.828130311107405
55.9884988 10.0236557
56.477359699999994 10.723368555500198
56.4134419 10.8793137
56.5518019 10.2999963
56.1706803 10.0423287
56.4781428 10.5051664
56.5007806 10.3363752
56.4804333 9.626306
56.4112449 10.316903972985944
56.4378675 10.631968
56.463152199999996 10.628002580899143
56.3507254 10.7715962
56.482502499999995 10.447658370039552
56.117533 9.5562812
55.9418161 10.2173334
55.8904152 10.1692307
55.9190733 10.251121
55.9153605 10.0527531
55.9560716 10.1883173
55.975832 10.1513202
55.9267828 10.1495433
55.9764457 10.2317262
55.9800874 10.0509884
56.5038423 10.7731131
56.45286965 9.831357038495412
56.5466328 9.9307608
56.4435178 10.1519573
56.6198172 10.2003229
56.0955078 10.0794415
56.5445686 9.8487711
56.5752145 9.9975763
56.49331775 10.094190174396566
56.5865836 10.1323032
56.5569534 10.11007852135425
56.4980425 10.1294522
56.4189698 10.0256278
56.6522516 10.1970076
56.4292188 9.8904556
56.0859191 10.0356047
56.390979 9.8936301
56.0275264 8.3852184
56.5324652 10.118258
56.3006105 10.2143428
56.5220066 10.205625711626052
56.46298 9.973489
56.4837791 9.907034
56.5788383 10.1864581
56.4287362 10.0677359
56.4355428 10.0425957
56.513415 9.9495792
56.0281791 9.9590051
56.5359106 10.0346886
56.4349087 9.9442095
56.50492075 10.175024652224078
56.4610056 9.9227759
56.5441637 10.1692814824322
56.6142605 10.296926561800529
56.4672528 10.222690146595372
56.4061206 9.9898575
55.8743087 8.5934034
56.0060282 8.6019056
56.0984229 8.7031031
55.9589744 8.6480249
55.9839727 8.5461196
56.0723199 8.8181386
55.703987999999995 10.001932886497496
56.1437777 8.2879232
55.84989 8.372323454095026
56.0666215 8.6002672
55.8516044 8.763344
56.0547437 8.3999753
56.0057884 8.1288435
56.1257251 8.1757164
56.0275264 8.3852184
55.90334255 8.444090165202292
55.801682850000006 8.492520000460594
56.1121326 8.3179241
55.83398485 8.3144948453391
56.111556 8.4214389
56.0211447 8.5376203
56.0905708 8.2540637
55.9469339 8.4909186
55.82479215 8.412799841983862
56.1276147 8.5069209
55.9626899 8.37273203325079
55.9065375 8.5192054
56.1965544 8.3033203
55.9936889 8.7416839
56.0304153 9.5158113
56.0893891 8.6295216
56.0866262 8.7017029
56.0924084 8.7031567
55.8159762 10.603955866027556
55.9644401 10.55339949864753
55.8497267 10.5724692
55.8326137 10.5894103
56.307027 9.5895088
56.0231999 9.5231724
56.3354301 9.4229865
56.2681439 9.7267735
56.1533605 9.4428992
56.2264181 9.7393316
56.1153362 9.4951896
56.2244319 9.628787
56.2834926 9.4400132
56.1952345 9.4094628
56.1252056 9.717769
56.1209471 10.0986581
56.3054231 9.469902216963103
56.1535517 9.68889
56.32688895 9.337753347194656
56.275145800000004 9.315034731707549
56.2747669 9.5145571
56.191878900000006 9.486967916510906
56.1815679 9.644425
56.0836884 9.5686653
56.2174497 9.5195246
56.1360085 9.617654910660494
56.6069075 8.5666523
56.169453 9.5495141
56.21404225 8.852211959473124
56.32743605 9.44416200722339
56.2119087 9.5018971
56.1774826 9.7756433
56.1323495 9.6324453
56.0901518 9.5465183
56.2851309 9.3307472
56.2550463 9.4293691
56.1301234 9.5539151
56.1881828 9.693675
56.0405298 9.4505691
56.0519694 9.8455793
56.0672242 10.0696418
56.0345245 9.9849415
56.154066 9.9098817
56.0722964 9.6977741
56.0852942 9.9051895
56.1829328 9.965903
56.0859191 10.0356047
55.9915767 9.9355459
56.1107521 9.8184809
56.1526374 9.809458
56.1255988 9.84728
56.0883559 9.7718753
56.1848717 9.9319682
56.0351868 9.9317878
56.18076785 9.887712140613498
55.8867015 9.600715
56.0614341 9.9871529
56.1186427 9.9540853
56.13580485 9.941670801627797
55.9725772 9.8771973
56.0298758 10.0352919
56.0246414 9.7337258
56.6157838 8.8821834
56.6871677 9.0701035
56.744497 8.9484097
56.759744 8.8739004
56.5569534 10.11007852135425
56.5951002 8.9587576
56.5857789 9.136453602378705
56.5516562 9.1105335
56.0286187 9.2168658
56.3937167 9.9556628
56.0275264 8.3852184
56.6002853 8.7309305
56.816548 9.024611
56.65047 8.9337614
56.5955191 8.8408389
56.7040127 8.9841309
56.4988375 9.5060411
56.53504505 8.93754621775008
56.7805532 9.0477373
56.6459244 8.932732160154906
56.4330146 8.5097365
56.5072251 8.58245592434535
56.4382927 8.6410046
56.5394331 8.5518902
56.0286187 9.2168658
56.6475115 8.6191945
56.5324652 10.118258
56.5166725 8.537848
56.4866768 8.5951427
56.6118761 8.5425916
56.4349607 8.5828823
56.22334085 10.703301158311973
56.1963376 10.67640553920725
56.22925875 10.652177238133387
56.285821 10.5861533
56.3080956 10.4441133
56.25358145 10.552889264856042
56.3137043 10.3159583
56.2815749 10.7679748
56.21409615 10.486067290407115
56.3581302 10.5847907
56.388101 10.248542834164578
56.3345618 10.377531
56.410871400000005 10.574712285903875
56.3943486 10.414806147700236
56.3006513 10.363214342593933
56.3015637 10.4754416
56.3842243 10.5020848
56.3776403 10.6939977
56.3457785 10.4560742
56.3010146 10.6866116
56.19541065 10.4359512777663
56.3085737 10.4158606
56.2443396 10.4932308
56.398744 9.3810101
56.5799115 9.4991288
56.3758414 9.656576
56.4211882 9.4406343
56.4128805 9.2858881
56.4949821 9.0105926
56.3411629 9.2560458
56.3669319 9.2092466
56.4108714 9.3525553
56.5016333 9.7503501
56.5301873 9.3215132
56.6623827 9.513098
56.3111225 9.1706768
56.473623 9.0537216
56.5902663 9.6337994
56.55155205 9.253581472241335
56.29268595 9.14834554093591
56.4956877 9.7024619
56.5805072 9.3859829
56.5119795 9.3370029
56.5328173 9.4700325
56.4113145 9.6126754
56.614641 9.5011335
56.445301 9.1881198
56.4804333 9.626306
56.4480484 9.2865747
56.4002008 9.4354266
56.4988375 9.5060411
56.3514755 9.5101207
56.3374112 9.639621
56.4277179 9.0833181
56.5566335 9.4048077
56.3604125 9.2966866
56.3932132 9.4671841
56.4772412 9.2282259
56.4851312 9.1458359
56.3529704 9.5870582
56.4404694 9.4835132
56.6278293 9.3480141
56.5302997 9.5733082
56.441703 9.5557183
56.4469128 9.4059354
56.554759 9.1438041
56.4421137 9.0064555
